"Goal","Increase student engagement in school","Create a safe, welcoming school community","Improve academic achievement","Eliminate disparities in outcomes between student groups","Develop students’ durable skills","Expand access to postsecondary education","Strengthen career preparation","Improve instructional quality","Something else"
"Increase student engagement in school",0.72,0.61,0.67,0.46,0.48,0.25,0.35,0.63,0.07
"Create a safe, welcoming school community",0.61,0.78,0.71,0.49,0.49,0.27,0.35,0.64,0.08
"Improve academic achievement",0.67,0.71,0.9,0.55,0.56,0.28,0.39,0.75,0.08
"Eliminate disparities in outcomes between student groups",0.46,0.49,0.55,0.59,0.4,0.24,0.32,0.51,0.05
"Develop students’ durable skills",0.48,0.49,0.56,0.4,0.62,0.24,0.33,0.52,0.06
"Expand access to postsecondary education",0.25,0.27,0.28,0.24,0.24,0.3,0.26,0.28,0.03
"Strengthen career preparation",0.35,0.35,0.39,0.32,0.33,0.26,0.44,0.37,0.04
"Improve instructional quality",0.63,0.64,0.75,0.51,0.52,0.28,0.37,0.8,0.07
"Something else",0.07,0.08,0.08,0.05,0.06,0.03,0.04,0.07,0.1
